111111111111111111111111111111
122222222222222122222222222221
121111121111112121111112111121
121111121111112121111112111121
122222222222222222222222222221
121111121211111111111212111121
122222221222222122222212222221
111111121211112121111212111111
111111121212222222221212111111
111111121212111111121212111111
111111121212222222221212111111
122222222211111111111222222221
111111121222222222222212111111
111111121211111111111212111111
111111121212222122221212111111
111111121212112121121212111111
122222222222222122222222222221
121111121111112121111211111121
122211122222222222222221112221
121211121111112121111121112121
121211121111112121111121112121
122222222222222122222222222221
121111121111112121111112111111
121111121111112121111112111111
122222222222222222222222222221
121111121211111111111212111121
122222221222222122222212222221
111111121211112121111212111111
111111122212222222221222111111
111111111111111111111111111111